46.8  0.0        14			0.5

68.1  0.0        35.8		1.1

124.7 46.8       21.3		1.4
124.7 0.0        4.1       	0.8        

164.7 68.1       13.7		0.5

236.3 68.1       20.7		2.6
236.3 46.8       41.0		1.3
236.3 0.0         8.8		1.4

279.1 68.1       35.2		1.3
279.1 0.0         5.5		0.8

282.9 0.0        57.5		3.4

316.6 68.1        5.3		1.0
316.6  0.0      100.0		5.4	

362.2 68.1       47.7		3.0

389.7 46.8       29.3		0.9
389.7  0.0       25.7		1.7

481.6 124.7      31.0		2.0

488.1 316.6      20.8		1.3
488.1 282.9      10.5		0.9
488.1 124.7      23.2		2.3
488.1  46.8       9.8		0.9
488.1   0.0      17.4		1.2

665.5 389.7       4.4		0.6
665.5 316.6       5.6		0.8
665.5 282.9      19.7		1.0
665.5   0.0      21.4		1.3

682.7 316.6       5.3		1.0


726.9 236.3      10.7		0.9


911.4 316.6       4.1		0.6

917.8 316.6       9.6		1.0


