   0.0     -290.2        7.2 
  46.8      -87.4        2.3 
  68.1      -86.8        4.5 
 124.7      -28.8        3.4 
 164.7       13.7        0.5 
 236.3       59.8        3.3 
 279.1       40.7        1.5 
 282.9       27.3        3.7 
 316.6       59.9        5.9 
 362.2       47.7        3.0 
 389.7       50.6        2.0 
 481.6       31.0        2.0 
 488.1       81.7        3.2 
 665.5       51.1        1.9 
 682.7        5.3        1.0 
 726.9       10.7        0.9 
 911.4        4.1        0.6 
 917.8        9.6        1.0 
